,0,eod_price
0,40.90066805196694,41.6
1,40.189435715088614,41.15
2,41.803664618736114,39.7
3,40.96752099721045,40.5
4,39.78847863927517,39.45
5,40.59948263557239,39.5
6,39.53396475020071,39.95
7,39.583885972199326,41.0
8,40.03793004708955,43.4
9,41.09945115052283,45.95
10,43.52391237421964,47.1
11,46.10520260334847,47.05
12,47.355400742275435,48.1
13,47.2189116224688,47.0
14,48.39303589676551,49.25
15,47.162258608357845,48.0
16,49.69221965566077,48.65
17,47.986230790730886,47.85
18,48.8630808813845,48.35
19,48.00981190013285,50.1
20,48.53997946610187,50.2
21,50.42048129383019,50.8
22,50.368650450853565,50.9
23,51.020333463235026,51.6
24,51.075572639345225,52.8
25,51.83608842986442,51.4
26,53.0926567607111,53.0
27,51.46212869929583,53.7
28,53.197115915020824,53.1
29,53.95181823741587,52.8
30,53.25183553059735,54.8
31,52.96345304781658,54.6
32,55.131570764892615,52.4
33,54.830207774866835,49.5
34,52.431470843559474,50.8
35,49.63944389227347,50.1
36,50.9540054559449,52.6
37,50.242836593946976,52.7
38,52.91216870202781,52.3
39,52.86241503694678,50.7
40,52.4251462131135,50.2
41,50.84156148796313,51.0
42,50.108205416374275,50.4
43,51.14203421183421,50.9
44,50.062765854569626,51.1
45,51.037404697359165,50.9
46,51.238116028574744,51.6
47,50.92984936686207,53.6
48,51.74064162276753,53.5
49,53.76307695617169,52.7
50,53.6596389504071,53.3
51,52.8476253448974,54.3
52,53.453278532786456,58.0
53,54.46388174952626,54.0
54,58.47731627978378,56.6
55,54.04442556722412,56.6
56,56.78075987594496,56.6
57,56.77824876554174,53.5
58,56.775825691664835,53.9
59,53.397366150061885,51.0
60,53.177426267967626,52.1
61,50.828820886533336,51.6
62,50.90599085948227,48.0
63,51.17329465509903,49.5
64,46.44632603946515,50.3
65,48.51813915874438,51.1
66,49.85492017704408,49.5
67,50.8811461409613,49.0
68,49.14053398910002,49.75
69,48.60966592522385,49.7
70,50.10714317315314,50.6
71,49.697981748472586,51.1
72,50.46721258712731,50.8
73,51.186013126939486,51.8
74,51.03035532020003,52.0
75,52.20814059273732,52.5
76,52.479018510524654,51.8
77,52.8787609651274,52.5
78,52.075063470388336,52.3
79,52.684253910109064,52.3
80,52.640895396444265,52.0
81,52.30983167151488,52.2
82,52.030577761704386,54.0
83,52.149319410566505,53.3
84,54.28409652772877,52.8
85,53.53743749409808,53.0
86,52.788751219525054,50.5
87,53.22837265764539,48.75
88,50.446807245631504,49.0
89,48.02633807073846,49.15
90,48.19786950293388,48.3
91,48.45518542678381,48.05
92,47.44192226311094,49.2
93,47.223851447230814,48.5
94,49.0369460173137,48.3
95,48.49082392898638,48.95
96,48.08805978658692,49.65
97,48.993432440731716,48.8
98,49.85895114505,49.3
99,48.91064095876659,49.3
100,49.29379612037501,48.95
101,49.53446535846145,48.5
102,48.995438627271746,48.4
103,48.5,49.1
104,48.4,49.75
105,49.1,50.7
106,49.79645697644352,50.4
107,50.896441440761215,50.5
108,50.71223153139271,50.2
109,50.830297329102066,50.6
110,50.570931246178645,49.5
111,50.79589550136677,49.8
112,49.503686046345344,49.4
113,49.57306866692878,49.6
114,49.4,49.0
115,49.6,48.35
116,49.0,49.1
117,48.35,50.3
118,49.1,50.0
119,50.361288474096,50.7
120,50.066962507259106,53.0
121,50.85682261032693,53.0
122,53.715831826110936,52.4
123,53.78670447741227,52.5
124,52.92180621839621,52.6
125,53.02241668651015,52.9
126,53.0357400997513,52.7
127,53.150142979596815,53.2
128,52.669490141548174,52.9
129,53.22450246717835,52.3
130,53.033497339561414,50.9
131,52.24891716262031,51.0
132,50.68580389897916,51.5
133,50.642617247365315,51.8
134,51.27160977051398,51.6
135,51.47149171799334,51.6
136,51.406449930803724,51.6
137,51.54517847217674,53.7
138,51.741069360489206,53.3
139,54.04779590961263,53.0
140,53.66042909915943,52.6
141,53.13980803944035,52.3
142,52.94846812067655,51.7
143,52.404878157172014,51.5
144,51.65916176380107,52.5
145,51.5,52.0
146,52.3360564082307,52.0
147,52.0,52.2
148,52.03636993608006,51.5
149,52.236995827537314,52.3
150,51.53685673029349,53.1
151,52.338038868665066,52.6
152,53.13894290620752,55.5
153,52.63824754384345,54.9
154,55.97058204156888,54.0
155,55.55301906901784,52.3
156,54.35006807868067,51.8
157,52.3,52.4
158,51.8,51.7
159,52.4,50.2
160,51.7,49.0
161,50.2,50.0
162,49.0,50.0
163,50.0,50.4
164,50.0,50.2
165,50.4,50.0
166,50.2,50.1
167,50.0,50.2
168,50.1,49.85
169,50.2,49.85
170,49.85,49.5
171,49.85,49.25
172,49.5,48.9
173,49.25,47.35
174,48.9,48.9
175,47.35,48.85
176,48.9,49.15
177,48.85,49.1
178,49.15,49.3
179,49.1,50.0
180,59.77255221265237,50.0
